0.319146 4
0.219357 4
0.286275 4
0.252432 4
0.299611 4
0.214551 4
0.16104 4
0.276592 4
0.299845 2
0.17377 4
0.225332 4
0.257837 4
0.269667 4
0.213029 4
0.224582 4
0.217699 2
0.240568 4
0.183591 4
0.27419 4
0.0662249 4
0.208105 4
0.184939 4
0.258618 4
0.18233 4
0.0525094 8
0.0605619 8
0.0286191 8
0.0448763 8
0.0698598 8
0.0243892 8
0.069988 8
0.0509745 8
0.0333518 8
0.0193969 8
0.0649497 8
0.021557 8
0.0248574 8
0.069229 8
0.0469621 8
0.0480119 8
0.0843742 8
0.0421884 8
0.0616769 8
0.036643 8
0.0676912 8
0.0497433 8
0.0472249 6
0.0444962 8
0.0136258 12
0.0105871 12
0.0183785 12
0.00309348 12
0.0234743 10
0.0129169 12
0.012641 12
0.0143359 12
0.0130153 10
0.0104781 12
0.0072847 12
0.00814643 12
0.0194737 12
0.0111375 10
0.00903942 10
0.0146912 12
0.0128357 12
0.0139704 12
0.00574303 12
0.0105513 12
0.012022 12
0.00800976 12
0.0131789 12
0.00875451 10
0.0044073 16
0.00214917 16
0.00285383 16
0.00262723 16
0.000966353 16
0.00295661 16
0.0016295 16
0.00199424 14
0.000911551 14
0.0026372 16
0.00505735 16
0.00354144 16
0.00484687 16
0.00270038 16
0.00410741 16
0.00115958 16
0.00271321 16
0.00267397 16
0.00298273 14
0.00257156 16
0.0013113 16
0.00115777 16
0.00220077 16
0.00318702 16
0.000538615 20
0.000675866 20
0.000639971 20
0.000574327 20
0.00051392 20
0.000583967 20
0.000769499 20
0.000542646 20
0.000622142 18
0.000706329 20
0.000384271 20
0.000505958 20
0.000324098 20
0.000940488 20
0.00051972 20
0.0001604 20
0.000310018 20
0.000741514 20
0.000579513 20
0.000679341 20
0.000543234 20
0.000486755 20
0.000541204 20
0.000600258 18
0.000149691 24
0.000128904 24
0.000149482 24
0.000214303 24
0.000157553 24
0.000110942 24
0.000166293 24
0.000100331 24
0.000163214 22
0.000174894 24
6.96151e-05 24
0.000180137 24
8.46186e-05 24
0.000181659 24
9.92665e-05 24
9.2007e-05 24
7.3846e-05 24
0.000136337 22
6.86167e-05 24
7.74223e-05 24
0.000114077 24
0.000152996 24
0.000156061 24
0.000131549 24
3.27143e-05 28
4.14116e-05 28
4.52647e-05 28
3.11005e-05 28
7.64862e-06 28
1.73249e-05 28
1.98222e-05 28
3.20533e-05 26
4.41068e-05 26
5.59314e-06 28
3.0431e-05 28
2.09889e-05 28
2.53831e-05 28
1.9426e-05 26
4.1804e-05 28
5.22444e-05 28
2.32602e-05 28
2.66671e-05 28
2.4926e-05 28
1.28683e-05 28
3.36395e-05 28
4.64551e-05 28
2.22327e-05 28
7.34439e-06 28
