0.597522 2 24 19
0.654104 2 10 28
0.584414 2 7 20
0.627112 2 26 0
0.681238 2 2 14
0.459749 2 18 21
0.593295 2 29 9
0.687273 2 2 20
0.702523 2 25 7
0.502261 2 5 1
0.663232 2 12 16
0.618451 2 19 13
0.514734 2 17 22
0.629923 2 3 22
0.683352 2 15 9
0.571405 2 23 15
0.696291 2 2 10
0.687683 2 4 19
0.602985 2 5 10
0.562006 2 16 25
0.629505 2 2 17
0.673012 2 7 25
0.537339 2 8 21
0.635781 2 5 12
0.597522 2 24 19
0.654104 2 10 28
0.584414 2 7 20
0.627112 2 26 0
0.681238 2 2 14
0.459749 2 18 21
0.593295 2 29 9
0.687273 2 2 20
0.702523 2 25 7
0.502261 2 5 1
0.663232 2 12 16
0.618451 2 19 13
0.514734 2 17 22
0.629923 2 3 22
0.683352 2 15 9
0.571405 2 23 15
0.696291 2 2 10
0.687683 2 4 19
0.602985 2 5 10
0.562006 2 16 25
0.629505 2 2 17
0.673012 2 7 25
0.537339 2 8 21
0.635781 2 5 12
0.453279 4 29 9 18 11
0.486236 4 7 23 29 8
0.459756 4 29 6 14 22
0.484391 3 18 21 27
0.463829 4 28 14 5 16
0.352593 4 27 19 25 21
0.447021 4 18 11 22 13
0.493102 4 13 7 3 16
0.513198 4 26 1 6 1
0.347912 4 26 24 0 3
0.479717 4 13 7 3 15
0.369475 4 19 23 23 15
0.400164 4 7 5 15 19
0.4777 4 3 16 20 7
0.476224 4 18 22 27 12
0.388213 4 29 0 14 1
0.480712 4 3 12 26 22
0.531763 4 8 12 28 16
0.509943 4 24 10 19 7
0.434379 4 15 22 24 23
0.45936 4 13 22 29 1
0.498646 4 4 3 27 6
0.396919 4 8 14 17 25
0.506904 4 5 26 14 11
0.246511 6 20 17 2 5 25 23
0.299501 6 27 6 21 6 2 21
0.308544 6 7 3 20 8 14 21
0.322625 6 26 12 0 4 16 17
0.331419 6 25 16 22 16 27 12
0.269212 6 6 16 5 4 0 22
0.314521 6 27 19 10 14 25 27
0.264291 6 7 5 15 17 19 11
0.322578 6 26 4 25 27 21 8
0.26755 6 24 7 5 29 17 25
0.320096 6 19 17 22 9 10 26
0.254908 6 19 15 9 14 22 13
0.269139 6 23 13 5 13 22 8
0.282403 6 17 7 21 9 8 10
0.299418 5 0 28 19 12 21
0.242245 6 29 13 1 13 2 12
0.30678 6 19 17 2 18 15 28
0.316045 6 13 3 29 15 20 0
0.3069 6 12 14 9 28 3 15
0.252119 6 23 16 16 12 26 5
0.306765 6 18 20 5 7 23 1
0.297002 6 0 12 1 2 5 20
0.271992 6 5 26 9 9 22 18
0.298531 6 0 20 5 1 12 23
0.173581 8 28 0 2 24 6 4 17 19
0.168615 8 27 28 7 1 23 18 19 2
0.192935 8 28 6 23 12 5 10 17 2
0.19077 8 15 23 12 0 7 21 12 15
0.19021 8 6 25 15 26 8 9 20 6
0.184832 8 6 18 17 3 5 2 5 17
0.202881 8 17 11 22 10 25 4 5 26
0.188266 8 14 5 12 0 20 18 28 26
0.213988 8 25 8 12 28 7 14 23 24
0.165191 8 12 26 10 25 1 13 9 16
0.186568 8 26 10 12 3 0 27 16 17
0.183674 8 26 23 6 16 27 23 9 3
0.186575 8 13 2 21 17 1 15 11 4
0.161799 8 25 19 7 15 16 25 24 24
0.205705 8 26 28 3 20 4 22 20 0
0.168063 8 29 21 23 18 0 4 24 21
0.170139 8 9 25 20 16 20 10 28 1
0.182912 8 8 6 23 7 20 9 5 12
0.191325 8 15 28 12 4 5 6 13 17
0.198893 8 25 23 27 20 21 27 0 13
0.193845 8 29 4 27 23 27 22 20 11
0.155165 8 1 11 7 26 29 4 8 26
0.189996 8 27 18 21 13 25 26 8 22
0.190084 8 18 9 13 10 10 25 4 26
