0.204618 4
0.217293 3
0.322393 4
0.400144 3
0.188356 4
0.254082 3
0.21877 4
0.146565 3
0.319986 3
0.0969841 3
0.18238 4
0.130655 3
0.332426 4
0.175739 4
0.108875 4
0.116541 4
0.095794 4
0.264981 4
0.279224 4
0.137064 4
0.361903 4
0.24649 4
0.297334 3
0.268043 4
0.0699207 7
0.0695126 8
0.054817 8
0.0666778 8
0.0475372 8
0.0855305 8
0.0630984 8
0.0529026 8
0.0696139 8
0.0864594 7
0.051251 7
0.0320807 8
0.0587084 7
0.0455631 8
0.0454976 8
0.0535956 8
0.095794 8
0.0879551 8
0.0752541 8
0.0896092 7
0.0674085 8
0.076134 8
0.0775814 8
0.0857493 8
0.020231 12
0.021558 11
0.0233469 12
0.0122426 12
0.0202481 12
0.0142134 11
0.022393 11
0.0283236 12
0.0225498 10
0.0232429 12
0.0145139 12
0.0175771 12
0.0225161 12
0.0265465 12
0.0196449 12
0.0154829 12
0.0182155 11
0.0258063 12
0.0223399 12
0.0163895 12
0.0202489 12
0.0152059 12
0.0223233 12
0.0161855 12
0.00198247 16
0.00763032 16
0.0031381 16
0.00603443 16
0.00629787 16
0.00395085 16
0.00599348 16
0.00283722 16
0.00363661 16
0.00709153 15
0.00571535 16
0.00653882 16
0.00483382 16
0.00504396 15
0.00325324 16
0.00318782 16
0.00953341 15
0.00375047 16
0.00792963 16
0.00626092 16
0.00888708 16
0.00482186 16
0.00430314 16
0.00735649 16
0.00246597 20
0.00113182 20
0.00123462 20
0.00119065 20
0.00202068 20
0.00199158 20
0.000766485 20
0.00249178 20
0.00122284 20
0.0019089 19
0.00147824 20
0.00108472 20
0.000437657 20
0.00203699 20
0.00170241 20
0.000900486 20
0.0022235 20
0.0014359 20
0.0016495 20
0.00236338 20
0.000950189 19
0.00160479 20
0.00143953 20
0.00109307 20
0.000884747 24
0.000617282 24
0.000996325 24
0.00050303 24
0.00110069 24
0.000541001 24
0.000480365 24
0.000863725 24
0.000374187 24
0.000357135 24
0.000639772 23
0.000403041 24
0.000645894 24
0.000355153 24
0.00067986 23
0.000277318 24
0.000488629 24
0.000567342 24
0.000781088 23
0.000439055 24
0.000308928 24
0.000593768 24
0.000599814 24
0.000664028 24
0.000118948 28
0.000108505 28
0.000200008 28
0.000120439 28
0.000110072 28
7.70349e-05 28
0.000261757 28
0.000211745 28
0.000280336 28
0.000115163 28
0.000206859 27
0.00019678 28
0.000184565 28
0.000150525 28
0.000297786 28
0.000331671 28
0.000189879 27
0.000124297 28
0.000114593 28
0.000211574 28
0.000176478 28
0.00019029 28
0.000140366 28
0.000196921 28
