0.395093 2 1 23
0.496865 2 3 25
0.369912 2 2 26
0.568844 2 0 24
0.449832 2 4 28
0.468268 2 4 3
0.118705 2 3 25
0.485977 2 1 23
0.268073 2 3 25
0.538438 2 1 0
0.293672 2 5 27
0.297142 2 0 24
0.240477 2 4 28
0.265757 2 2 26
0.456003 2 0 24
0.122636 2 5 27
0.35493 2 1 23
0.46978 2 2 2
0.555712 2 4 4
0.436417 2 2 26
0.294253 2 5 27
0.303797 2 0 0
0.249794 2 1 23
0.356485 2 10 10
0.231848 4 4 1 27 23
0.143982 4 4 3 27 25
0.230892 4 0 4 29 27
0.0770711 4 28 5 24 2
0.255346 3 27 2 23
0.157731 4 24 5 29 26
0.118705 4 10 3 24 10
0.117618 4 2 1 25 23
0.131845 4 2 2 25 26
0.12095 4 29 4 25 1
0.131233 4 4 4 27 28
0.166431 4 3 4 0 28
0.200679 4 5 5 27 27
0.195716 4 5 0 3 24
0.0949942 4 5 0 26 24
0.122636 2 5 27
0.282202 4 27 2 27 3
0.113541 4 25 0 26 4
0.0567431 4 28 5 24 2
0.191966 4 24 1 26 4
0.131413 4 2 1 2 23
0.238056 4 4 1 29 2
0.141363 4 5 2 3 26
0.235262 4 24 4 29 27
0.0987989 6 26 4 1 0 28 23
0.0531778 6 28 5 3 24 5 25
0.0545434 6 5 3 4 0 2 28
0.0560184 6 27 2 2 23 5 27
0.10876 6 3 29 4 2 27 1
0.0579653 6 2 5 1 0 27 23
0.108399 6 0 0 4 26 29 27
0.0573647 6 28 5 3 22 3 25
0.0696841 5 29 4 3 23 24
0.026507 6 27 2 2 0 4 28
0.117152 6 26 3 5 24 29 23
0.0773891 6 0 5 3 28 3 25
0.0671822 6 3 28 5 21 29 24
0.0905831 6 3 0 4 27 29 27
0.0874235 6 26 5 1 24 27 23
0.0479971 6 0 0 3 27 29 24
0.0553866 6 25 0 5 1 25 2
0.113541 4 25 0 26 4
0.0567426 5 28 5 1 23 2
0.0483041 6 26 3 5 0 2 26
0.0378394 6 2 29 4 24 23 0
0.0628651 6 3 25 0 26 3 1
0.0654525 6 1 3 5 26 0 27
0.0684012 6 24 3 1 28 0 23
0.032609 8 5 5 27 2 27 8 21 3
0.019093 8 5 1 24 1 24 11 8 24
0.0515744 8 26 1 24 3 8 23 27 2
0.0109265 8 4 2 29 4 1 0 29 25
0.0389188 8 1 3 4 0 21 10 11 23
0.0372704 8 0 4 2 0 11 16 9 23
0.0171612 8 4 0 29 4 22 9 11 23
0.0289417 8 2 29 4 4 16 18 6 25
0.0459426 8 0 4 0 3 14 18 6 24
0.0160428 8 25 0 3 3 18 15 9 24
0.0254703 8 4 25 0 4 0 1 28 27
0.0202048 8 1 26 4 1 0 26 4 23
0.0264879 8 24 1 2 5 6 24 5 26
0.0262947 7 2 1 29 4 29 24 1
0.0297942 8 2 0 4 4 13 21 29 27
0.0409181 8 26 3 0 0 14 13 11 23
0.0510558 8 2 2 4 1 9 19 5 23
0.0318292 8 29 4 24 3 11 21 5 23
0.0453287 8 1 1 27 2 13 18 7 26
0.0294389 8 4 3 5 2 2 29 29 25
0.0167623 8 2 2 24 1 29 29 24 3
0.0338406 8 25 0 28 5 4 24 27 1
0.0219469 8 5 25 0 4 19 15 9 24
0.0309231 8 5 26 24 1 24 3 24 2
