0.42256 2 3 4
0.348658 2 5 25
0.437316 2 4 3
0.303104 2 26 4
0.325794 2 5 25
0.554106 2 1 26
0.466523 2 4 2
0.437395 2 25 1
0.370525 2 2 28
0.423998 2 3 0
0.435935 2 3 25
0.422916 2 3 26
0.255922 2 3 3
0.441715 2 5 27
0.285577 2 0 25
0.456281 2 1 23
0.401236 2 29 1
0.435726 2 24 26
0.379561 2 2 4
0.28184 2 0 23
0.460826 2 0 24
0.445446 2 28 1
0.231366 2 1 1
0.466389 2 26 23
0.139163 4 4 27 23 0
0.202294 4 4 28 29 2
0.195129 2 4 1
0.122462 4 24 29 28 24
0.153118 4 5 1 29 25
0.148892 4 25 2 24 0
0.194609 4 2 29 22 0
0.156231 3 26 0 3
0.214924 4 28 0 23 26
0.223415 4 29 0 2 23
0.27349 4 29 3 29 1
0.202059 4 27 2 29 2
0.19767 4 4 3 29 3
0.218547 3 1 22 4
0.14703 4 5 26 27 23
0.144351 3 1 26 2
0.229387 4 29 5 3 2
0.173042 3 28 23 0
0.218006 4 29 24 3 3
0.203997 4 4 24 28 24
0.150833 4 26 1 24 23
0.177414 4 24 29 29 24
0.142829 4 2 2 2 4
0.125238 4 26 29 26 2
0.101627 6 0 29 24 0 4 3
0.109311 6 26 0 5 23 24 1
0.0845305 5 0 2 20 4 25
0.0657953 5 25 25 26 25 28
0.0809848 6 24 29 29 27 4 23
0.107106 6 24 27 5 25 2 24
0.0779348 6 29 25 0 28 2 1
0.0731514 5 26 0 0 29 2
0.11054 6 4 27 1 24 4 1
0.0533127 6 2 28 1 25 24 28
0.0950833 6 25 26 3 29 23 25
0.109316 6 1 29 29 0 2 1
0.123033 6 29 25 4 26 26 28
0.108172 6 25 27 24 22 0 26
0.0817503 6 5 26 29 24 2 28
0.100689 6 25 25 1 25 3 24
0.090022 6 2 29 27 1 25 27
0.0725619 5 5 27 0 2 28
0.0731331 6 29 0 26 23 27 3
0.0784037 6 24 28 3 29 3 23
0.0949321 6 24 0 0 21 3 3
0.102963 6 2 25 27 23 0 1
0.0616144 6 28 24 2 23 27 0
0.0622381 6 26 25 29 21 2 1
0.047294 8 29 0 0 2 4 23 0 27
0.0329915 8 27 25 3 1 9 19 8 22
0.0354332 8 1 3 24 28 1 29 25 2
0.0391829 8 24 29 4 4 15 20 9 22
0.0406199 8 24 29 2 5 6 26 27 0
0.0461987 7 24 3 4 24 4 27 29
0.0375889 8 27 29 29 5 6 0 27 25
0.0334205 8 25 4 27 24 8 23 4 24
0.0342145 7 28 4 0 0 28 22 1
0.0413831 8 25 27 28 5 8 19 3 0
0.0357464 8 24 3 25 0 16 19 8 25
0.0338423 7 24 27 28 27 1 0 0
0.0524022 8 25 1 3 28 7 26 29 0
0.0382982 7 3 25 3 12 25 25 0
0.0368612 8 0 29 0 26 12 21 5 26
0.0535592 8 27 28 27 24 0 2 28 25
0.0429431 8 24 1 27 5 29 29 23 0
0.0304442 8 24 24 24 27 29 28 2 26
0.0288716 8 25 27 28 4 13 21 3 23
0.0332103 8 0 24 27 0 11 24 27 1
0.0448542 8 5 5 24 29 21 5 26 27
0.0375675 8 5 0 28 25 25 5 19 4
0.0202475 8 29 25 5 26 5 25 2 27
0.0396914 8 4 2 25 5 0 29 27 1
