1.000000000000000368e-02 1.900000000000000000e+01
1.000000000000000368e-02 1.600000000000000000e+01
1.000000000000000368e-02 1.900000000000000000e+01
1.000000000000000368e-02 2.100000000000000000e+01
1.000000000000000368e-02 1.400000000000000000e+01
1.000000000000000368e-02 1.800000000000000000e+01
1.000000000000000368e-02 1.800000000000000000e+01
1.000000000000000368e-02 1.900000000000000000e+01
1.000000000000000368e-02 1.600000000000000000e+01
1.000000000000000368e-02 1.900000000000000000e+01
1.232846739442067067e-02 1.800000000000000000e+01
1.232846739442067067e-02 1.600000000000000000e+01
1.232846739442067067e-02 1.700000000000000000e+01
1.232846739442067067e-02 1.900000000000000000e+01
1.232846739442067067e-02 2.000000000000000000e+01
1.232846739442067067e-02 1.300000000000000000e+01
1.232846739442067067e-02 1.900000000000000000e+01
1.232846739442067067e-02 1.700000000000000000e+01
1.232846739442067067e-02 1.900000000000000000e+01
1.232846739442067067e-02 1.900000000000000000e+01
1.519911082952934110e-02 1.400000000000000000e+01
1.519911082952934110e-02 1.200000000000000000e+01
1.519911082952934110e-02 1.700000000000000000e+01
1.519911082952934110e-02 1.100000000000000000e+01
1.519911082952934110e-02 1.700000000000000000e+01
1.519911082952934110e-02 1.800000000000000000e+01
1.519911082952934110e-02 1.500000000000000000e+01
1.519911082952934110e-02 1.700000000000000000e+01
1.519911082952934110e-02 1.600000000000000000e+01
1.519911082952934110e-02 1.500000000000000000e+01
1.873817422860385093e-02 1.600000000000000000e+01
1.873817422860385093e-02 1.600000000000000000e+01
1.873817422860385093e-02 1.700000000000000000e+01
1.873817422860385093e-02 1.500000000000000000e+01
1.873817422860385093e-02 1.500000000000000000e+01
1.873817422860385093e-02 1.800000000000000000e+01
1.873817422860385093e-02 1.400000000000000000e+01
1.873817422860385093e-02 1.700000000000000000e+01
1.873817422860385093e-02 1.500000000000000000e+01
1.873817422860385093e-02 1.600000000000000000e+01
2.310129700083160889e-02 1.800000000000000000e+01
2.310129700083160889e-02 1.600000000000000000e+01
2.310129700083160889e-02 1.000000000000000000e+01
2.310129700083160889e-02 1.300000000000000000e+01
2.310129700083160889e-02 1.400000000000000000e+01
2.310129700083160889e-02 1.600000000000000000e+01
2.310129700083160889e-02 1.200000000000000000e+01
2.310129700083160889e-02 1.700000000000000000e+01
2.310129700083160889e-02 1.500000000000000000e+01
2.310129700083160889e-02 1.500000000000000000e+01
2.848035868435802934e-02 1.500000000000000000e+01
2.848035868435802934e-02 1.600000000000000000e+01
2.848035868435802934e-02 1.400000000000000000e+01
2.848035868435802934e-02 1.700000000000000000e+01
2.848035868435802934e-02 1.500000000000000000e+01
2.848035868435802934e-02 1.200000000000000000e+01
2.848035868435802934e-02 1.500000000000000000e+01
2.848035868435802934e-02 1.400000000000000000e+01
2.848035868435802934e-02 1.800000000000000000e+01
2.848035868435802934e-02 1.500000000000000000e+01
3.511191734215132060e-02 1.700000000000000000e+01
3.511191734215132060e-02 1.500000000000000000e+01
3.511191734215132060e-02 1.400000000000000000e+01
3.511191734215132060e-02 1.200000000000000000e+01
3.511191734215132060e-02 1.100000000000000000e+01
3.511191734215132060e-02 1.600000000000000000e+01
3.511191734215132060e-02 1.100000000000000000e+01
3.511191734215132060e-02 1.100000000000000000e+01
3.511191734215132060e-02 1.500000000000000000e+01
3.511191734215132060e-02 1.300000000000000000e+01
4.328761281083059326e-02 1.400000000000000000e+01
4.328761281083059326e-02 9.000000000000000000e+00
4.328761281083059326e-02 1.200000000000000000e+01
4.328761281083059326e-02 9.000000000000000000e+00
4.328761281083059326e-02 1.400000000000000000e+01
4.328761281083059326e-02 8.000000000000000000e+00
4.328761281083059326e-02 1.000000000000000000e+01
4.328761281083059326e-02 1.100000000000000000e+01
4.328761281083059326e-02 1.300000000000000000e+01
4.328761281083059326e-02 1.100000000000000000e+01
5.336699231206312732e-02 8.000000000000000000e+00
5.336699231206312732e-02 1.000000000000000000e+01
5.336699231206312732e-02 1.300000000000000000e+01
5.336699231206312732e-02 1.200000000000000000e+01
5.336699231206312732e-02 1.200000000000000000e+01
5.336699231206312732e-02 1.500000000000000000e+01
5.336699231206312732e-02 1.400000000000000000e+01
5.336699231206312732e-02 1.000000000000000000e+01
5.336699231206312732e-02 9.000000000000000000e+00
5.336699231206312732e-02 1.100000000000000000e+01
6.579332246575679555e-02 1.000000000000000000e+01
6.579332246575679555e-02 9.000000000000000000e+00
6.579332246575679555e-02 1.300000000000000000e+01
6.579332246575679555e-02 6.000000000000000000e+00
6.579332246575679555e-02 1.000000000000000000e+01
6.579332246575679555e-02 1.200000000000000000e+01
6.579332246575679555e-02 1.300000000000000000e+01
6.579332246575679555e-02 1.100000000000000000e+01
6.579332246575679555e-02 1.400000000000000000e+01
6.579332246575679555e-02 9.000000000000000000e+00
8.111308307896873682e-02 9.000000000000000000e+00
8.111308307896873682e-02 1.300000000000000000e+01
8.111308307896873682e-02 6.000000000000000000e+00
8.111308307896873682e-02 1.200000000000000000e+01
8.111308307896873682e-02 1.100000000000000000e+01
8.111308307896873682e-02 1.300000000000000000e+01
8.111308307896873682e-02 1.000000000000000000e+01
8.111308307896873682e-02 1.300000000000000000e+01
8.111308307896873682e-02 8.000000000000000000e+00
8.111308307896873682e-02 9.000000000000000000e+00
1.000000000000000194e-01 7.000000000000000000e+00
1.000000000000000194e-01 1.100000000000000000e+01
1.000000000000000194e-01 7.000000000000000000e+00
1.000000000000000194e-01 6.000000000000000000e+00
1.000000000000000194e-01 1.000000000000000000e+01
1.000000000000000194e-01 9.000000000000000000e+00
1.000000000000000194e-01 7.000000000000000000e+00
1.000000000000000194e-01 2.000000000000000000e+00
1.000000000000000194e-01 9.000000000000000000e+00
1.000000000000000194e-01 9.000000000000000000e+00
