1.000000000000000238e-03 1.300000000000000000e+01
1.000000000000000238e-03 1.200000000000000000e+01
1.000000000000000238e-03 1.300000000000000000e+01
1.000000000000000238e-03 1.400000000000000000e+01
1.000000000000000238e-03 1.300000000000000000e+01
1.000000000000000238e-03 1.400000000000000000e+01
1.000000000000000238e-03 1.300000000000000000e+01
1.000000000000000238e-03 1.200000000000000000e+01
1.000000000000000238e-03 1.300000000000000000e+01
1.000000000000000238e-03 1.300000000000000000e+01
1.000000000000000238e-03 1.200000000000000000e+01
1.000000000000000238e-03 1.400000000000000000e+01
1.000000000000000238e-03 1.400000000000000000e+01
1.000000000000000238e-03 1.300000000000000000e+01
1.000000000000000238e-03 1.300000000000000000e+01
1.000000000000000238e-03 1.300000000000000000e+01
1.000000000000000238e-03 1.400000000000000000e+01
1.000000000000000238e-03 1.300000000000000000e+01
1.000000000000000238e-03 1.300000000000000000e+01
1.000000000000000238e-03 1.300000000000000000e+01
1.000000000000000238e-03 1.300000000000000000e+01
1.000000000000000238e-03 1.400000000000000000e+01
1.000000000000000238e-03 1.200000000000000000e+01
1.000000000000000238e-03 1.300000000000000000e+01
1.221677348996792626e-03 1.400000000000000000e+01
1.221677348996792626e-03 1.300000000000000000e+01
1.221677348996792626e-03 1.300000000000000000e+01
1.221677348996792626e-03 1.300000000000000000e+01
1.221677348996792626e-03 1.200000000000000000e+01
1.221677348996792626e-03 1.300000000000000000e+01
1.221677348996792626e-03 1.300000000000000000e+01
1.221677348996792626e-03 1.200000000000000000e+01
1.221677348996792626e-03 1.300000000000000000e+01
1.221677348996792626e-03 1.100000000000000000e+01
1.221677348996792626e-03 1.400000000000000000e+01
1.221677348996792626e-03 1.300000000000000000e+01
1.221677348996792626e-03 1.300000000000000000e+01
1.221677348996792626e-03 1.300000000000000000e+01
1.221677348996792626e-03 1.300000000000000000e+01
1.221677348996792626e-03 1.300000000000000000e+01
1.221677348996792626e-03 1.400000000000000000e+01
1.221677348996792626e-03 1.100000000000000000e+01
1.221677348996792626e-03 1.300000000000000000e+01
1.221677348996792626e-03 1.200000000000000000e+01
1.221677348996792626e-03 1.400000000000000000e+01
1.221677348996792626e-03 1.200000000000000000e+01
1.221677348996792626e-03 1.300000000000000000e+01
1.221677348996792626e-03 1.300000000000000000e+01
1.492495545051830642e-03 1.300000000000000000e+01
1.492495545051830642e-03 1.400000000000000000e+01
1.492495545051830642e-03 1.300000000000000000e+01
1.492495545051830642e-03 1.300000000000000000e+01
1.492495545051830642e-03 1.300000000000000000e+01
1.492495545051830642e-03 1.300000000000000000e+01
1.492495545051830642e-03 1.300000000000000000e+01
1.492495545051830642e-03 1.200000000000000000e+01
1.492495545051830642e-03 1.200000000000000000e+01
1.492495545051830642e-03 1.400000000000000000e+01
1.492495545051830642e-03 1.300000000000000000e+01
1.492495545051830642e-03 1.200000000000000000e+01
1.492495545051830642e-03 1.200000000000000000e+01
1.492495545051830642e-03 1.200000000000000000e+01
1.492495545051830642e-03 1.300000000000000000e+01
1.492495545051830642e-03 1.300000000000000000e+01
1.492495545051830642e-03 1.100000000000000000e+01
1.492495545051830642e-03 1.100000000000000000e+01
1.492495545051830642e-03 1.300000000000000000e+01
1.492495545051830642e-03 1.300000000000000000e+01
1.492495545051830642e-03 1.300000000000000000e+01
1.492495545051830642e-03 1.300000000000000000e+01
1.492495545051830642e-03 1.300000000000000000e+01
1.492495545051830642e-03 1.300000000000000000e+01
1.823348000868441413e-03 1.100000000000000000e+01
1.823348000868441413e-03 1.200000000000000000e+01
1.823348000868441413e-03 1.200000000000000000e+01
1.823348000868441413e-03 1.200000000000000000e+01
1.823348000868441413e-03 1.200000000000000000e+01
1.823348000868441413e-03 1.300000000000000000e+01
1.823348000868441413e-03 1.100000000000000000e+01
1.823348000868441413e-03 1.300000000000000000e+01
1.823348000868441413e-03 1.300000000000000000e+01
1.823348000868441413e-03 1.200000000000000000e+01
1.823348000868441413e-03 1.100000000000000000e+01
1.823348000868441413e-03 1.200000000000000000e+01
1.823348000868441413e-03 1.300000000000000000e+01
1.823348000868441413e-03 1.200000000000000000e+01
1.823348000868441413e-03 1.200000000000000000e+01
1.823348000868441413e-03 1.200000000000000000e+01
1.823348000868441413e-03 1.200000000000000000e+01
1.823348000868441413e-03 1.200000000000000000e+01
1.823348000868441413e-03 1.200000000000000000e+01
1.823348000868441413e-03 1.200000000000000000e+01
1.823348000868441413e-03 1.200000000000000000e+01
1.823348000868441413e-03 1.300000000000000000e+01
1.823348000868441413e-03 1.200000000000000000e+01
1.823348000868441413e-03 1.200000000000000000e+01
2.227542951999558502e-03 1.200000000000000000e+01
2.227542951999558502e-03 1.200000000000000000e+01
2.227542951999558502e-03 1.100000000000000000e+01
2.227542951999558502e-03 1.300000000000000000e+01
2.227542951999558502e-03 1.100000000000000000e+01
2.227542951999558502e-03 1.200000000000000000e+01
2.227542951999558502e-03 1.300000000000000000e+01
2.227542951999558502e-03 1.100000000000000000e+01
2.227542951999558502e-03 1.100000000000000000e+01
2.227542951999558502e-03 1.300000000000000000e+01
2.227542951999558502e-03 1.300000000000000000e+01
2.227542951999558502e-03 1.200000000000000000e+01
2.227542951999558502e-03 1.200000000000000000e+01
2.227542951999558502e-03 1.200000000000000000e+01
2.227542951999558502e-03 1.000000000000000000e+01
2.227542951999558502e-03 1.200000000000000000e+01
2.227542951999558502e-03 1.200000000000000000e+01
2.227542951999558502e-03 1.300000000000000000e+01
2.227542951999558502e-03 1.200000000000000000e+01
2.227542951999558502e-03 1.200000000000000000e+01
2.227542951999558502e-03 1.300000000000000000e+01
2.227542951999558502e-03 1.100000000000000000e+01
2.227542951999558502e-03 1.200000000000000000e+01
2.227542951999558502e-03 1.200000000000000000e+01
2.721338768375309355e-03 1.100000000000000000e+01
2.721338768375309355e-03 1.100000000000000000e+01
2.721338768375309355e-03 1.200000000000000000e+01
2.721338768375309355e-03 1.100000000000000000e+01
2.721338768375309355e-03 1.100000000000000000e+01
2.721338768375309355e-03 1.100000000000000000e+01
2.721338768375309355e-03 1.100000000000000000e+01
2.721338768375309355e-03 1.100000000000000000e+01
2.721338768375309355e-03 1.200000000000000000e+01
2.721338768375309355e-03 1.100000000000000000e+01
2.721338768375309355e-03 1.200000000000000000e+01
2.721338768375309355e-03 1.200000000000000000e+01
2.721338768375309355e-03 1.100000000000000000e+01
2.721338768375309355e-03 1.200000000000000000e+01
2.721338768375309355e-03 1.200000000000000000e+01
2.721338768375309355e-03 1.100000000000000000e+01
2.721338768375309355e-03 1.300000000000000000e+01
2.721338768375309355e-03 1.100000000000000000e+01
2.721338768375309355e-03 1.200000000000000000e+01
2.721338768375309355e-03 1.200000000000000000e+01
2.721338768375309355e-03 1.300000000000000000e+01
2.721338768375309355e-03 1.200000000000000000e+01
2.721338768375309355e-03 1.100000000000000000e+01
2.721338768375309355e-03 1.300000000000000000e+01
3.324597932270940883e-03 1.100000000000000000e+01
3.324597932270940883e-03 1.100000000000000000e+01
3.324597932270940883e-03 1.100000000000000000e+01
3.324597932270940883e-03 1.200000000000000000e+01
3.324597932270940883e-03 1.100000000000000000e+01
3.324597932270940883e-03 1.100000000000000000e+01
3.324597932270940883e-03 1.200000000000000000e+01
3.324597932270940883e-03 1.000000000000000000e+01
3.324597932270940883e-03 1.100000000000000000e+01
3.324597932270940883e-03 1.200000000000000000e+01
3.324597932270940883e-03 1.200000000000000000e+01
3.324597932270940883e-03 1.100000000000000000e+01
3.324597932270940883e-03 1.100000000000000000e+01
3.324597932270940883e-03 1.200000000000000000e+01
3.324597932270940883e-03 1.200000000000000000e+01
3.324597932270940883e-03 1.200000000000000000e+01
3.324597932270940883e-03 1.200000000000000000e+01
3.324597932270940883e-03 1.100000000000000000e+01
3.324597932270940883e-03 1.100000000000000000e+01
3.324597932270940883e-03 1.000000000000000000e+01
3.324597932270940883e-03 1.200000000000000000e+01
3.324597932270940883e-03 1.100000000000000000e+01
3.324597932270940883e-03 1.200000000000000000e+01
3.324597932270940883e-03 1.100000000000000000e+01
4.061585988376980455e-03 1.000000000000000000e+01
4.061585988376980455e-03 1.200000000000000000e+01
4.061585988376980455e-03 1.100000000000000000e+01
4.061585988376980455e-03 1.000000000000000000e+01
4.061585988376980455e-03 1.200000000000000000e+01
4.061585988376980455e-03 1.100000000000000000e+01
4.061585988376980455e-03 1.100000000000000000e+01
4.061585988376980455e-03 1.200000000000000000e+01
4.061585988376980455e-03 8.000000000000000000e+00
4.061585988376980455e-03 1.100000000000000000e+01
4.061585988376980455e-03 1.200000000000000000e+01
4.061585988376980455e-03 1.200000000000000000e+01
4.061585988376980455e-03 1.100000000000000000e+01
4.061585988376980455e-03 1.100000000000000000e+01
4.061585988376980455e-03 1.100000000000000000e+01
4.061585988376980455e-03 1.100000000000000000e+01
4.061585988376980455e-03 1.000000000000000000e+01
4.061585988376980455e-03 1.100000000000000000e+01
4.061585988376980455e-03 1.000000000000000000e+01
4.061585988376980455e-03 1.100000000000000000e+01
4.061585988376980455e-03 1.100000000000000000e+01
4.061585988376980455e-03 1.100000000000000000e+01
4.061585988376980455e-03 1.200000000000000000e+01
4.061585988376980455e-03 1.200000000000000000e+01
4.961947603002905827e-03 8.000000000000000000e+00
4.961947603002905827e-03 1.100000000000000000e+01
4.961947603002905827e-03 1.100000000000000000e+01
4.961947603002905827e-03 9.000000000000000000e+00
4.961947603002905827e-03 1.100000000000000000e+01
4.961947603002905827e-03 1.100000000000000000e+01
4.961947603002905827e-03 1.100000000000000000e+01
4.961947603002905827e-03 1.100000000000000000e+01
4.961947603002905827e-03 1.100000000000000000e+01
4.961947603002905827e-03 9.000000000000000000e+00
4.961947603002905827e-03 9.000000000000000000e+00
4.961947603002905827e-03 1.100000000000000000e+01
4.961947603002905827e-03 1.100000000000000000e+01
4.961947603002905827e-03 1.100000000000000000e+01
4.961947603002905827e-03 1.100000000000000000e+01
4.961947603002905827e-03 1.000000000000000000e+01
4.961947603002905827e-03 1.100000000000000000e+01
4.961947603002905827e-03 1.000000000000000000e+01
4.961947603002905827e-03 1.100000000000000000e+01
4.961947603002905827e-03 9.000000000000000000e+00
4.961947603002905827e-03 1.000000000000000000e+01
4.961947603002905827e-03 1.000000000000000000e+01
4.961947603002905827e-03 1.200000000000000000e+01
4.961947603002905827e-03 9.000000000000000000e+00
6.061898993497578068e-03 1.000000000000000000e+01
6.061898993497578068e-03 1.000000000000000000e+01
6.061898993497578068e-03 1.000000000000000000e+01
6.061898993497578068e-03 1.000000000000000000e+01
6.061898993497578068e-03 1.000000000000000000e+01
6.061898993497578068e-03 9.000000000000000000e+00
6.061898993497578068e-03 9.000000000000000000e+00
6.061898993497578068e-03 1.000000000000000000e+01
6.061898993497578068e-03 9.000000000000000000e+00
6.061898993497578068e-03 1.000000000000000000e+01
6.061898993497578068e-03 1.100000000000000000e+01
6.061898993497578068e-03 9.000000000000000000e+00
6.061898993497578068e-03 1.000000000000000000e+01
6.061898993497578068e-03 1.000000000000000000e+01
6.061898993497578068e-03 1.000000000000000000e+01
6.061898993497578068e-03 1.100000000000000000e+01
6.061898993497578068e-03 1.100000000000000000e+01
6.061898993497578068e-03 1.000000000000000000e+01
6.061898993497578068e-03 8.000000000000000000e+00
6.061898993497578068e-03 1.000000000000000000e+01
6.061898993497578068e-03 1.000000000000000000e+01
6.061898993497578068e-03 6.000000000000000000e+00
6.061898993497578068e-03 1.000000000000000000e+01
6.061898993497578068e-03 1.100000000000000000e+01
7.405684692262444468e-03 1.000000000000000000e+01
7.405684692262444468e-03 1.000000000000000000e+01
7.405684692262444468e-03 9.000000000000000000e+00
7.405684692262444468e-03 9.000000000000000000e+00
7.405684692262444468e-03 1.100000000000000000e+01
7.405684692262444468e-03 9.000000000000000000e+00
7.405684692262444468e-03 1.000000000000000000e+01
7.405684692262444468e-03 1.000000000000000000e+01
7.405684692262444468e-03 1.000000000000000000e+01
7.405684692262444468e-03 1.000000000000000000e+01
7.405684692262444468e-03 9.000000000000000000e+00
7.405684692262444468e-03 1.000000000000000000e+01
7.405684692262444468e-03 1.100000000000000000e+01
7.405684692262444468e-03 9.000000000000000000e+00
7.405684692262444468e-03 1.000000000000000000e+01
7.405684692262444468e-03 1.000000000000000000e+01
7.405684692262444468e-03 9.000000000000000000e+00
7.405684692262444468e-03 1.000000000000000000e+01
7.405684692262444468e-03 1.000000000000000000e+01
7.405684692262444468e-03 8.000000000000000000e+00
7.405684692262444468e-03 1.000000000000000000e+01
7.405684692262444468e-03 1.100000000000000000e+01
7.405684692262444468e-03 1.000000000000000000e+01
7.405684692262444468e-03 1.000000000000000000e+01
9.047357242349301013e-03 8.000000000000000000e+00
9.047357242349301013e-03 1.000000000000000000e+01
9.047357242349301013e-03 9.000000000000000000e+00
9.047357242349301013e-03 1.000000000000000000e+01
9.047357242349301013e-03 9.000000000000000000e+00
9.047357242349301013e-03 9.000000000000000000e+00
9.047357242349301013e-03 9.000000000000000000e+00
9.047357242349301013e-03 8.000000000000000000e+00
9.047357242349301013e-03 1.000000000000000000e+01
9.047357242349301013e-03 8.000000000000000000e+00
9.047357242349301013e-03 1.000000000000000000e+01
9.047357242349301013e-03 1.000000000000000000e+01
9.047357242349301013e-03 9.000000000000000000e+00
9.047357242349301013e-03 1.000000000000000000e+01
9.047357242349301013e-03 9.000000000000000000e+00
9.047357242349301013e-03 7.000000000000000000e+00
9.047357242349301013e-03 8.000000000000000000e+00
9.047357242349301013e-03 9.000000000000000000e+00
9.047357242349301013e-03 9.000000000000000000e+00
9.047357242349301013e-03 1.000000000000000000e+01
9.047357242349301013e-03 9.000000000000000000e+00
9.047357242349301013e-03 1.000000000000000000e+01
9.047357242349301013e-03 1.000000000000000000e+01
9.047357242349301013e-03 9.000000000000000000e+00
1.105295141126022215e-02 9.000000000000000000e+00
1.105295141126022215e-02 8.000000000000000000e+00
1.105295141126022215e-02 9.000000000000000000e+00
1.105295141126022215e-02 9.000000000000000000e+00
1.105295141126022215e-02 8.000000000000000000e+00
1.105295141126022215e-02 8.000000000000000000e+00
1.105295141126022215e-02 9.000000000000000000e+00
1.105295141126022215e-02 9.000000000000000000e+00
1.105295141126022215e-02 1.000000000000000000e+01
1.105295141126022215e-02 9.000000000000000000e+00
1.105295141126022215e-02 1.000000000000000000e+01
1.105295141126022215e-02 8.000000000000000000e+00
1.105295141126022215e-02 9.000000000000000000e+00
1.105295141126022215e-02 9.000000000000000000e+00
1.105295141126022215e-02 9.000000000000000000e+00
1.105295141126022215e-02 1.000000000000000000e+01
1.105295141126022215e-02 9.000000000000000000e+00
1.105295141126022215e-02 8.000000000000000000e+00
1.105295141126022215e-02 8.000000000000000000e+00
1.105295141126022215e-02 9.000000000000000000e+00
1.105295141126022215e-02 9.000000000000000000e+00
1.105295141126022215e-02 9.000000000000000000e+00
1.105295141126022215e-02 9.000000000000000000e+00
1.105295141126022215e-02 9.000000000000000000e+00
1.350314037869874279e-02 9.000000000000000000e+00
1.350314037869874279e-02 8.000000000000000000e+00
1.350314037869874279e-02 9.000000000000000000e+00
1.350314037869874279e-02 9.000000000000000000e+00
1.350314037869874279e-02 9.000000000000000000e+00
1.350314037869874279e-02 9.000000000000000000e+00
1.350314037869874279e-02 9.000000000000000000e+00
1.350314037869874279e-02 1.000000000000000000e+01
1.350314037869874279e-02 8.000000000000000000e+00
1.350314037869874279e-02 9.000000000000000000e+00
1.350314037869874279e-02 9.000000000000000000e+00
1.350314037869874279e-02 9.000000000000000000e+00
1.350314037869874279e-02 8.000000000000000000e+00
1.350314037869874279e-02 6.000000000000000000e+00
1.350314037869874279e-02 9.000000000000000000e+00
1.350314037869874279e-02 9.000000000000000000e+00
1.350314037869874279e-02 9.000000000000000000e+00
1.350314037869874279e-02 9.000000000000000000e+00
1.350314037869874279e-02 9.000000000000000000e+00
1.350314037869874279e-02 9.000000000000000000e+00
1.350314037869874279e-02 8.000000000000000000e+00
1.350314037869874279e-02 9.000000000000000000e+00
1.350314037869874279e-02 9.000000000000000000e+00
1.350314037869874279e-02 7.000000000000000000e+00
1.649648074098020861e-02 8.000000000000000000e+00
1.649648074098020861e-02 7.000000000000000000e+00
1.649648074098020861e-02 9.000000000000000000e+00
1.649648074098020861e-02 8.000000000000000000e+00
1.649648074098020861e-02 8.000000000000000000e+00
1.649648074098020861e-02 8.000000000000000000e+00
1.649648074098020861e-02 9.000000000000000000e+00
1.649648074098020861e-02 9.000000000000000000e+00
1.649648074098020861e-02 8.000000000000000000e+00
1.649648074098020861e-02 9.000000000000000000e+00
1.649648074098020861e-02 9.000000000000000000e+00
1.649648074098020861e-02 9.000000000000000000e+00
1.649648074098020861e-02 9.000000000000000000e+00
1.649648074098020861e-02 7.000000000000000000e+00
1.649648074098020861e-02 9.000000000000000000e+00
1.649648074098020861e-02 7.000000000000000000e+00
1.649648074098020861e-02 8.000000000000000000e+00
1.649648074098020861e-02 9.000000000000000000e+00
1.649648074098020861e-02 7.000000000000000000e+00
1.649648074098020861e-02 8.000000000000000000e+00
1.649648074098020861e-02 8.000000000000000000e+00
1.649648074098020861e-02 8.000000000000000000e+00
1.649648074098020861e-02 8.000000000000000000e+00
1.649648074098020861e-02 9.000000000000000000e+00
2.015337685941734000e-02 7.000000000000000000e+00
2.015337685941734000e-02 8.000000000000000000e+00
2.015337685941734000e-02 9.000000000000000000e+00
2.015337685941734000e-02 7.000000000000000000e+00
2.015337685941734000e-02 8.000000000000000000e+00
2.015337685941734000e-02 8.000000000000000000e+00
2.015337685941734000e-02 8.000000000000000000e+00
2.015337685941734000e-02 6.000000000000000000e+00
2.015337685941734000e-02 8.000000000000000000e+00
2.015337685941734000e-02 8.000000000000000000e+00
2.015337685941734000e-02 9.000000000000000000e+00
2.015337685941734000e-02 6.000000000000000000e+00
2.015337685941734000e-02 8.000000000000000000e+00
2.015337685941734000e-02 1.000000000000000000e+01
2.015337685941734000e-02 8.000000000000000000e+00
2.015337685941734000e-02 8.000000000000000000e+00
2.015337685941734000e-02 8.000000000000000000e+00
2.015337685941734000e-02 8.000000000000000000e+00
2.015337685941734000e-02 7.000000000000000000e+00
2.015337685941734000e-02 8.000000000000000000e+00
2.015337685941734000e-02 8.000000000000000000e+00
2.015337685941734000e-02 8.000000000000000000e+00
2.015337685941734000e-02 8.000000000000000000e+00
2.015337685941734000e-02 7.000000000000000000e+00
2.462092401494627575e-02 7.000000000000000000e+00
2.462092401494627575e-02 7.000000000000000000e+00
2.462092401494627575e-02 8.000000000000000000e+00
2.462092401494627575e-02 8.000000000000000000e+00
2.462092401494627575e-02 8.000000000000000000e+00
2.462092401494627575e-02 7.000000000000000000e+00
2.462092401494627575e-02 7.000000000000000000e+00
2.462092401494627575e-02 8.000000000000000000e+00
2.462092401494627575e-02 7.000000000000000000e+00
2.462092401494627575e-02 6.000000000000000000e+00
2.462092401494627575e-02 8.000000000000000000e+00
2.462092401494627575e-02 6.000000000000000000e+00
2.462092401494627575e-02 8.000000000000000000e+00
2.462092401494627575e-02 7.000000000000000000e+00
2.462092401494627575e-02 8.000000000000000000e+00
2.462092401494627575e-02 8.000000000000000000e+00
2.462092401494627575e-02 7.000000000000000000e+00
2.462092401494627575e-02 8.000000000000000000e+00
2.462092401494627575e-02 7.000000000000000000e+00
2.462092401494627575e-02 7.000000000000000000e+00
2.462092401494627575e-02 6.000000000000000000e+00
2.462092401494627575e-02 6.000000000000000000e+00
2.462092401494627575e-02 8.000000000000000000e+00
2.462092401494627575e-02 8.000000000000000000e+00
3.007882518043102429e-02 8.000000000000000000e+00
3.007882518043102429e-02 7.000000000000000000e+00
3.007882518043102429e-02 5.000000000000000000e+00
3.007882518043102429e-02 8.000000000000000000e+00
3.007882518043102429e-02 7.000000000000000000e+00
3.007882518043102429e-02 7.000000000000000000e+00
3.007882518043102429e-02 7.000000000000000000e+00
3.007882518043102429e-02 7.000000000000000000e+00
3.007882518043102429e-02 7.000000000000000000e+00
3.007882518043102429e-02 7.000000000000000000e+00
3.007882518043102429e-02 7.000000000000000000e+00
3.007882518043102429e-02 8.000000000000000000e+00
3.007882518043102429e-02 7.000000000000000000e+00
3.007882518043102429e-02 6.000000000000000000e+00
3.007882518043102429e-02 8.000000000000000000e+00
3.007882518043102429e-02 6.000000000000000000e+00
3.007882518043102429e-02 8.000000000000000000e+00
3.007882518043102429e-02 7.000000000000000000e+00
3.007882518043102429e-02 7.000000000000000000e+00
3.007882518043102429e-02 7.000000000000000000e+00
3.007882518043102429e-02 7.000000000000000000e+00
3.007882518043102429e-02 6.000000000000000000e+00
3.007882518043102429e-02 8.000000000000000000e+00
3.007882518043102429e-02 7.000000000000000000e+00
3.674661940736691917e-02 7.000000000000000000e+00
3.674661940736691917e-02 7.000000000000000000e+00
3.674661940736691917e-02 7.000000000000000000e+00
3.674661940736691917e-02 5.000000000000000000e+00
3.674661940736691917e-02 5.000000000000000000e+00
3.674661940736691917e-02 6.000000000000000000e+00
3.674661940736691917e-02 7.000000000000000000e+00
3.674661940736691917e-02 7.000000000000000000e+00
3.674661940736691917e-02 7.000000000000000000e+00
3.674661940736691917e-02 7.000000000000000000e+00
3.674661940736691917e-02 6.000000000000000000e+00
3.674661940736691917e-02 6.000000000000000000e+00
3.674661940736691917e-02 7.000000000000000000e+00
3.674661940736691917e-02 6.000000000000000000e+00
3.674661940736691917e-02 8.000000000000000000e+00
3.674661940736691917e-02 7.000000000000000000e+00
3.674661940736691917e-02 6.000000000000000000e+00
3.674661940736691917e-02 7.000000000000000000e+00
3.674661940736691917e-02 8.000000000000000000e+00
3.674661940736691917e-02 7.000000000000000000e+00
3.674661940736691917e-02 5.000000000000000000e+00
3.674661940736691917e-02 7.000000000000000000e+00
3.674661940736691917e-02 8.000000000000000000e+00
3.674661940736691917e-02 6.000000000000000000e+00
4.489251258218607959e-02 6.000000000000000000e+00
4.489251258218607959e-02 7.000000000000000000e+00
4.489251258218607959e-02 6.000000000000000000e+00
4.489251258218607959e-02 6.000000000000000000e+00
4.489251258218607959e-02 6.000000000000000000e+00
4.489251258218607959e-02 6.000000000000000000e+00
4.489251258218607959e-02 6.000000000000000000e+00
4.489251258218607959e-02 7.000000000000000000e+00
4.489251258218607959e-02 7.000000000000000000e+00
4.489251258218607959e-02 6.000000000000000000e+00
4.489251258218607959e-02 5.000000000000000000e+00
4.489251258218607959e-02 7.000000000000000000e+00
4.489251258218607959e-02 5.000000000000000000e+00
4.489251258218607959e-02 7.000000000000000000e+00
4.489251258218607959e-02 6.000000000000000000e+00
4.489251258218607959e-02 5.000000000000000000e+00
4.489251258218607959e-02 7.000000000000000000e+00
4.489251258218607959e-02 7.000000000000000000e+00
4.489251258218607959e-02 7.000000000000000000e+00
4.489251258218607959e-02 6.000000000000000000e+00
4.489251258218607959e-02 7.000000000000000000e+00
4.489251258218607959e-02 6.000000000000000000e+00
4.489251258218607959e-02 6.000000000000000000e+00
4.489251258218607959e-02 7.000000000000000000e+00
5.484416576121022707e-02 6.000000000000000000e+00
5.484416576121022707e-02 6.000000000000000000e+00
5.484416576121022707e-02 4.000000000000000000e+00
5.484416576121022707e-02 6.000000000000000000e+00
5.484416576121022707e-02 7.000000000000000000e+00
5.484416576121022707e-02 5.000000000000000000e+00
5.484416576121022707e-02 5.000000000000000000e+00
5.484416576121022707e-02 7.000000000000000000e+00
5.484416576121022707e-02 6.000000000000000000e+00
5.484416576121022707e-02 5.000000000000000000e+00
5.484416576121022707e-02 6.000000000000000000e+00
5.484416576121022707e-02 7.000000000000000000e+00
5.484416576121022707e-02 7.000000000000000000e+00
5.484416576121022707e-02 6.000000000000000000e+00
5.484416576121022707e-02 7.000000000000000000e+00
5.484416576121022707e-02 6.000000000000000000e+00
5.484416576121022707e-02 6.000000000000000000e+00
5.484416576121022707e-02 5.000000000000000000e+00
5.484416576121022707e-02 6.000000000000000000e+00
5.484416576121022707e-02 6.000000000000000000e+00
5.484416576121022707e-02 6.000000000000000000e+00
5.484416576121022707e-02 6.000000000000000000e+00
5.484416576121022707e-02 4.000000000000000000e+00
5.484416576121022707e-02 6.000000000000000000e+00
6.700187503509595632e-02 6.000000000000000000e+00
6.700187503509595632e-02 5.000000000000000000e+00
6.700187503509595632e-02 6.000000000000000000e+00
6.700187503509595632e-02 5.000000000000000000e+00
6.700187503509595632e-02 6.000000000000000000e+00
6.700187503509595632e-02 6.000000000000000000e+00
6.700187503509595632e-02 6.000000000000000000e+00
6.700187503509595632e-02 5.000000000000000000e+00
6.700187503509595632e-02 6.000000000000000000e+00
6.700187503509595632e-02 6.000000000000000000e+00
6.700187503509595632e-02 6.000000000000000000e+00
6.700187503509595632e-02 3.000000000000000000e+00
6.700187503509595632e-02 6.000000000000000000e+00
6.700187503509595632e-02 6.000000000000000000e+00
6.700187503509595632e-02 5.000000000000000000e+00
6.700187503509595632e-02 6.000000000000000000e+00
6.700187503509595632e-02 6.000000000000000000e+00
6.700187503509595632e-02 5.000000000000000000e+00
6.700187503509595632e-02 6.000000000000000000e+00
6.700187503509595632e-02 6.000000000000000000e+00
6.700187503509595632e-02 6.000000000000000000e+00
6.700187503509595632e-02 6.000000000000000000e+00
6.700187503509595632e-02 6.000000000000000000e+00
6.700187503509595632e-02 3.000000000000000000e+00
8.185467307069031750e-02 6.000000000000000000e+00
8.185467307069031750e-02 4.000000000000000000e+00
8.185467307069031750e-02 5.000000000000000000e+00
8.185467307069031750e-02 5.000000000000000000e+00
8.185467307069031750e-02 5.000000000000000000e+00
8.185467307069031750e-02 4.000000000000000000e+00
8.185467307069031750e-02 6.000000000000000000e+00
8.185467307069031750e-02 6.000000000000000000e+00
8.185467307069031750e-02 5.000000000000000000e+00
8.185467307069031750e-02 5.000000000000000000e+00
8.185467307069031750e-02 5.000000000000000000e+00
8.185467307069031750e-02 3.000000000000000000e+00
8.185467307069031750e-02 5.000000000000000000e+00
8.185467307069031750e-02 6.000000000000000000e+00
8.185467307069031750e-02 4.000000000000000000e+00
8.185467307069031750e-02 6.000000000000000000e+00
8.185467307069031750e-02 5.000000000000000000e+00
8.185467307069031750e-02 5.000000000000000000e+00
8.185467307069031750e-02 5.000000000000000000e+00
8.185467307069031750e-02 5.000000000000000000e+00
8.185467307069031750e-02 5.000000000000000000e+00
8.185467307069031750e-02 7.000000000000000000e+00
8.185467307069031750e-02 6.000000000000000000e+00
8.185467307069031750e-02 4.000000000000000000e+00
1.000000000000000194e-01 6.000000000000000000e+00
1.000000000000000194e-01 3.000000000000000000e+00
1.000000000000000194e-01 5.000000000000000000e+00
1.000000000000000194e-01 6.000000000000000000e+00
1.000000000000000194e-01 5.000000000000000000e+00
1.000000000000000194e-01 4.000000000000000000e+00
1.000000000000000194e-01 4.000000000000000000e+00
1.000000000000000194e-01 5.000000000000000000e+00
1.000000000000000194e-01 4.000000000000000000e+00
1.000000000000000194e-01 6.000000000000000000e+00
1.000000000000000194e-01 5.000000000000000000e+00
1.000000000000000194e-01 4.000000000000000000e+00
1.000000000000000194e-01 4.000000000000000000e+00
1.000000000000000194e-01 5.000000000000000000e+00
1.000000000000000194e-01 5.000000000000000000e+00
1.000000000000000194e-01 5.000000000000000000e+00
1.000000000000000194e-01 5.000000000000000000e+00
1.000000000000000194e-01 5.000000000000000000e+00
1.000000000000000194e-01 4.000000000000000000e+00
1.000000000000000194e-01 5.000000000000000000e+00
1.000000000000000194e-01 4.000000000000000000e+00
1.000000000000000194e-01 5.000000000000000000e+00
1.000000000000000194e-01 4.000000000000000000e+00
1.000000000000000194e-01 3.000000000000000000e+00
